"","Chennai Super Kings","Kings XI Punjab","Kolkata Knight Riders","Mumbai Indians","Rajasthan Royals","Royal Challengers Bangalore","Sunrisers Hyderabad"
"1",192,205,271,221,296,211,244
"2",197,240,291,230,296,238,240
"3",209,192,269,198,302,221,243
"4",146,225,260,186,263,189,247
"5",162,192,241,187,250,248,269
"6",162,214,254,173,254,193,251
"7",184,253,287,216,304,237,253
"8",222,212,211,231,271,249,272
"9",203,229,234,207,257,223,236
"10",220,257,254,248,285,240,265
"11",220,253,314,229,326,231,270
"12",232,224,290,232,313,250,246
"13",195,195,243,214,283,215,242
"14",172,219,250,175,291,186,220
"15",226,260,251,236,291,244,243
"16",205,208,237,235,259,219,234
"17",189,167,280,208,248,244,268
"18",208,238,284,208,293,233,272
"19",228,262,259,252,296,245,288
"20",198,187,277,205,250,236,261
"21",206,229,301,230,277,250,302
"22",188,226,273,229,283,272,290
"23",179,206,268,189,266,193,265
"24",205,241,299,216,297,251,297
"25",208,211,199,229,248,243,242
"26",215,205,222,269,264,250,250
"27",203,243,290,221,298,251,274
"28",206,174,252,220,251,254,281
"29",205,222,310,212,334,225,259
"30",185,178,259,214,257,237,262
"31",213,226,245,234,309,248,225
"32",221,215,282,229,275,253,311
"33",185,193,262,185,278,218,240
"34",200,254,270,250,295,257,258
"35",230,253,228,247,277,256,254
"36",183,196,274,205,271,225,255
"37",216,225,285,231,323,220,221
"38",229,233,265,235,316,247,236
"39",190,197,260,197,276,234,236
"40",179,196,242,200,252,242,253
"41",204,240,299,228,284,239,277
"42",210,223,254,221,290,254,253
"43",208,250,295,232,295,230,286
"44",206,226,268,219,280,249,285
"45",173,207,237,204,247,238,262
"46",197,188,245,197,285,239,250
"47",202,194,278,215,287,243,249
"48",232,196,233,240,250,263,243
"49",230,238,239,255,272,274,234
"50",185,241,278,229,295,233,272
"51",196,262,255,243,269,245,274
"52",181,200,254,191,274,217,235
"53",222,232,291,224,317,253,296
"54",197,215,220,236,276,221,230
"55",231,216,247,258,294,270,244
"56",164,228,259,194,262,207,242
"57",208,198,270,204,304,220,228
"58",200,183,258,227,252,239,278
"59",172,204,262,183,247,218,246
"60",206,222,255,236,272,230,246
"61",215,262,242,232,287,250,263
"62",225,230,279,240,309,263,267
"63",192,244,221,219,256,222,215
"64",195,219,277,209,290,221,257
"65",217,220,274,217,321,241,242
"66",223,227,256,265,279,274,261
"67",187,181,258,213,248,224,263
"68",238,248,263,250,279,285,288
"69",221,246,254,239,306,261,241
"70",184,174,258,219,248,247,236
"71",196,215,219,213,245,245,232
"72",228,245,314,208,331,235,294
"73",180,210,285,193,300,208,220
"74",207,225,278,251,288,263,288
"75",220,221,298,226,291,259,296
"76",200,203,284,213,275,233,248
"77",212,220,272,219,275,260,298
"78",231,259,259,249,273,282,283
"79",221,240,253,253,300,241,219
"80",219,233,286,228,276,260,307
"81",222,230,281,229,292,256,261
"82",155,214,247,183,263,201,250
"83",201,197,281,204,298,208,230
"84",206,229,307,223,323,230,257
"85",215,210,266,220,290,247,251
"86",220,250,225,273,278,236,232
"87",204,225,265,221,279,249,260
"88",183,197,263,199,285,228,263
"89",186,237,221,220,248,215,225
"90",202,226,264,227,271,265,287
"91",174,212,261,181,292,191,237
"92",217,253,296,210,318,236,276
"93",186,238,257,223,273,266,295
"94",204,221,275,214,326,229,214
"95",202,233,301,212,296,239,277
"96",167,193,244,186,251,235,261
"97",199,205,289,203,265,232,269
"98",228,247,252,245,280,272,250
"99",203,233,276,237,318,238,290
"100",212,174,262,236,271,247,248
"101",224,184,264,206,283,249,268
"102",202,194,262,206,248,234,263
"103",221,236,317,207,301,225,235
"104",211,226,266,216,285,263,251
"105",208,195,244,214,253,243,268
"106",204,192,298,211,294,226,227
"107",213,205,263,251,261,238,226
"108",240,232,237,260,277,282,243
"109",188,204,232,201,277,226,239
"110",201,212,222,212,249,253,243
"111",211,234,289,222,326,225,233
"112",174,250,211,199,266,203,213
"113",212,212,233,216,243,254,239
"114",184,201,244,186,266,228,243
"115",188,186,246,227,255,249,264
"116",177,200,236,205,298,183,226
"117",220,240,246,243,273,227,228
"118",205,221,265,210,314,246,246
"119",210,248,317,222,320,237,256
"120",200,231,271,228,293,236,244
"121",216,237,247,251,283,270,238
"122",224,237,258,253,289,273,237
"123",189,184,261,181,282,228,236
"124",218,219,300,227,308,260,287
"125",206,237,294,220,291,225,246
"126",207,231,280,221,296,230,253
"127",176,238,285,211,287,236,261
"128",242,242,227,250,279,282,240
"129",210,221,259,227,286,262,253
"130",191,254,311,220,300,224,277
"131",183,198,239,205,272,224,246
"132",201,207,251,186,292,237,245
"133",233,255,269,251,295,241,260
"134",202,222,274,222,281,252,288
"135",233,232,230,245,289,273,231
"136",197,235,298,212,297,229,227
"137",181,190,245,197,251,236,253
"138",169,203,252,192,248,241,277
"139",232,243,250,238,290,279,238
"140",236,242,271,252,278,293,276
"141",208,226,261,224,327,263,281
"142",199,195,290,205,282,201,251
"143",221,213,252,254,258,233,241
"144",174,189,248,207,250,213,260
"145",226,253,265,229,301,240,220
"146",241,218,238,258,252,260,264
"147",154,203,267,184,267,199,235
"148",190,189,266,220,248,240,271
"149",152,195,236,194,251,218,268
"150",207,228,263,209,300,251,241
"151",249,246,248,251,286,279,273
"152",190,226,277,218,287,219,232
"153",210,231,287,221,281,249,309
"154",192,179,273,210,250,246,279
"155",237,238,238,251,279,274,222
"156",218,237,235,255,283,254,223
"157",215,254,253,248,288,249,209
"158",202,238,280,214,295,224,235
"159",200,242,232,242,310,247,214
"160",178,193,250,211,243,247,289
"161",189,209,262,208,263,210,245
"162",196,191,253,211,250,234,258
"163",192,229,213,211,248,236,238
"164",200,181,240,227,280,231,257
"165",183,201,285,189,259,191,240
"166",228,233,292,227,326,229,251
"167",179,210,253,182,286,201,222
"168",209,236,262,212,278,272,271
"169",228,228,296,224,310,256,293
"170",184,204,231,193,252,239,243
"171",206,187,264,219,248,229,277
"172",206,241,289,213,321,219,264
"173",213,235,294,233,321,217,226
"174",180,194,249,205,278,226,241
"175",245,257,243,234,299,270,266
"176",233,252,226,247,286,268,220
"177",221,224,287,234,310,277,231
"178",201,223,277,223,285,256,247
"179",204,175,260,201,256,244,268
"180",223,188,261,208,284,238,266
"181",212,197,213,242,243,239,242
"182",236,260,272,247,291,245,260
"183",172,210,267,188,291,192,210
"184",240,207,235,241,252,257,256
"185",227,246,265,244,303,241,262
"186",167,221,239,207,269,208,230
"187",209,224,236,230,263,221,219
"188",198,199,281,203,299,204,239
"189",207,210,274,230,280,253,250
"190",204,252,297,215,336,222,215
"191",198,208,214,200,254,240,229
"192",219,222,215,244,249,247,239
"193",188,222,232,219,263,212,226
"194",238,264,258,247,284,281,309
"195",199,251,278,216,324,226,256
"196",201,186,287,216,277,219,266
"197",193,215,251,189,271,219,258
"198",218,267,244,247,272,298,275
"199",161,205,241,199,251,221,263
"200",192,185,247,198,269,224,244
"201",243,246,247,246,291,261,262
"202",218,206,236,247,264,257,247
"203",200,239,247,211,262,213,238
"204",199,186,259,233,277,240,254
"205",211,224,289,237,271,262,305
"206",188,233,233,213,268,224,215
"207",206,179,265,210,277,236,256
"208",206,225,226,232,262,233,237
"209",214,235,295,216,288,237,276
"210",222,207,210,244,250,254,251
"211",158,208,238,174,254,209,245
"212",197,243,301,217,280,221,277
"213",162,220,274,173,268,204,256
"214",230,247,274,267,275,289,278
"215",175,224,233,201,253,221,227
"216",183,204,236,179,232,232,270
"217",214,218,276,222,309,254,227
"218",180,201,251,191,282,208,226
"219",224,249,236,238,290,232,227
"220",228,183,244,225,280,241,263
"221",182,213,248,192,287,199,217
"222",227,250,240,260,284,276,246
"223",176,229,218,221,264,216,222
"224",196,212,197,211,261,250,248
"225",222,204,219,234,265,268,253
"226",186,242,291,218,290,217,247
"227",218,270,272,245,298,266,260
"228",203,229,295,213,314,230,256
"229",227,240,233,258,273,269,265
"230",193,185,280,215,255,242,266
"231",196,191,277,214,285,219,241
"232",212,182,265,219,282,240,259
"233",174,197,247,195,257,212,249
"234",185,225,201,228,259,233,224
"235",217,240,289,227,288,258,317
"236",244,237,254,270,297,278,232
"237",200,202,275,211,269,198,256
"238",204,189,304,217,292,213,240
"239",235,238,238,259,272,295,271
"240",181,186,267,172,250,216,247
"241",210,212,270,221,289,273,245
"242",218,217,252,223,286,244,252
"243",161,196,243,178,253,229,266
"244",235,236,263,252,287,288,288
"245",162,193,231,187,245,215,238
"246",210,193,290,213,294,201,251
"247",232,259,281,243,298,268,256
"248",194,225,247,226,261,229,226
"249",191,241,284,216,296,231,271
"250",230,249,267,246,270,269,287
"251",206,194,271,221,260,253,280
"252",228,282,245,249,281,255,260
"253",211,239,293,208,320,241,259
"254",204,198,254,227,295,244,262
"255",193,190,248,195,276,219,246
"256",208,214,287,203,280,246,259
"257",189,210,270,228,296,202,242
"258",218,228,228,234,289,251,238
"259",171,223,221,210,264,230,228
"260",219,246,246,252,294,242,224
"261",216,195,251,199,274,237,247
"262",194,229,276,215,295,225,241
"263",209,222,280,206,319,235,230
"264",233,242,262,257,281,279,281
"265",194,227,262,230,287,250,243
"266",196,239,293,218,311,227,257
"267",212,239,287,224,305,252,283
"268",157,222,272,177,251,201,249
"269",188,191,240,193,253,219,266
"270",208,236,281,221,286,264,309
"271",224,196,245,236,260,256,258
"272",186,240,303,219,295,225,274
"273",225,209,218,243,246,256,235
"274",165,208,227,189,255,223,255
"275",192,192,261,218,293,211,255
"276",209,253,243,243,294,257,257
"277",181,194,249,188,268,224,247
"278",217,204,237,243,260,267,235
"279",212,236,273,220,290,260,278
"280",205,205,275,211,290,218,228
"281",218,213,218,257,252,257,244
"282",236,202,240,257,253,252,256
"283",202,211,220,221,248,252,234
"284",209,219,281,252,247,228,235
"285",179,214,247,207,263,217,211
"286",205,220,281,217,289,250,252
"287",206,174,258,222,282,240,265
"288",185,186,271,210,261,216,253
"289",224,226,279,210,311,246,240
"290",215,227,247,232,263,245,239
"291",201,185,251,201,248,237,270
"292",185,190,259,220,253,251,279
"293",219,218,278,228,315,267,268
"294",215,235,301,205,296,232,265
"295",193,205,250,231,300,203,227
"296",247,223,245,238,307,260,241
"297",194,242,282,217,308,253,267
"298",206,209,264,233,275,238,241
"299",185,219,264,197,265,227,243
"300",182,215,256,195,288,216,231
"301",247,245,266,266,288,284,283
"302",236,222,269,215,306,245,233
"303",234,257,270,247,294,244,240
"304",207,187,260,216,276,236,254
"305",167,218,251,184,278,196,233
"306",226,254,269,242,288,238,258
"307",195,209,270,209,257,225,276
"308",198,189,248,212,247,231,261
"309",203,240,296,232,317,242,272
"310",164,217,248,185,260,202,225
"311",209,238,311,234,334,228,240
"312",163,210,270,203,259,216,256
"313",214,238,283,228,331,222,231
"314",210,190,238,224,283,250,252
"315",197,207,290,206,287,196,232
"316",183,216,220,232,252,234,226
"317",210,232,227,216,251,215,258
"318",186,200,250,211,267,219,251
"319",212,216,225,254,253,230,233
"320",225,245,242,258,295,231,217
"321",184,215,231,213,266,208,233
"322",228,220,288,229,306,267,283
"323",192,201,248,208,298,209,243
"324",216,250,294,221,321,239,272
"325",226,271,260,253,302,259,272
"326",237,252,251,234,291,253,213
"327",196,170,258,225,278,233,247
"328",188,202,275,184,261,198,254
"329",233,245,246,255,279,282,253
"330",202,241,282,231,301,247,265
"331",194,219,198,215,245,248,242
"332",210,189,266,209,252,240,258
"333",204,184,242,222,277,240,261
"334",238,267,267,241,303,251,228
"335",204,196,257,204,258,214,241
"336",188,183,250,219,243,255,261
"337",195,250,266,244,289,246,247
"338",233,226,290,230,309,257,278
"339",207,267,254,249,293,261,267
"340",225,260,243,245,310,236,222
"341",200,244,284,226,297,233,237
"342",238,231,248,246,290,268,240
"343",184,194,258,188,239,233,258
"344",219,203,223,238,252,239,241
"345",225,262,268,248,300,248,265
"346",202,221,277,226,288,247,255
"347",220,224,244,230,267,225,245
"348",208,177,258,223,281,242,265
"349",228,212,285,214,315,244,266
"350",194,179,272,217,253,250,255
"351",206,226,274,207,323,211,222
"352",202,225,275,230,324,254,239
"353",217,201,237,236,248,262,240
"354",222,222,245,247,275,233,257
"355",183,195,241,205,272,219,257
"356",221,249,319,226,321,234,273
"357",238,244,228,236,283,271,227
"358",182,246,279,221,295,230,276
"359",221,214,287,213,316,266,229
"360",217,213,215,251,260,252,243
"361",198,208,291,206,262,213,272
"362",225,221,308,220,318,222,228
"363",245,259,233,244,305,227,209
"364",241,227,250,258,286,273,227
"365",214,224,268,220,293,262,253
"366",212,248,263,244,281,247,221
"367",226,217,301,224,302,253,236
"368",191,181,249,216,246,232,282
"369",194,194,232,207,284,214,231
"370",167,192,227,197,237,224,249
"371",160,205,259,181,263,200,223
"372",221,224,270,223,308,254,265
"373",239,211,238,247,258,259,249
"374",223,252,250,242,291,252,281
"375",195,235,242,231,257,227,214
"376",206,252,297,217,325,226,270
"377",200,202,221,226,243,269,240
"378",197,234,279,223,276,257,298
"379",181,199,253,205,296,194,230
"380",216,236,272,220,279,243,287
"381",178,225,243,207,258,234,226
"382",175,208,268,191,298,205,235
"383",237,265,234,248,281,263,249
"384",190,236,291,220,291,231,263
"385",223,217,273,222,322,244,220
"386",190,196,282,200,297,204,225
"387",203,185,246,212,249,233,243
"388",195,207,259,224,284,247,248
"389",237,251,270,242,307,254,221
"390",209,208,214,233,250,263,244
"391",210,204,222,253,245,253,249
"392",201,243,317,223,319,223,261
"393",221,223,255,221,309,240,238
"394",208,256,271,226,306,230,280
"395",213,225,281,224,309,266,277
"396",201,248,296,199,289,240,278
"397",224,250,256,259,291,266,263
"398",198,241,290,211,288,226,275
"399",216,181,276,205,282,241,243
"400",211,171,267,214,281,232,259
"401",161,205,249,193,276,188,239
"402",204,230,280,217,296,232,233
"403",226,238,235,268,280,288,287
"404",207,177,251,233,269,228,258
"405",190,228,273,225,291,262,296
"406",186,197,252,206,277,218,244
"407",234,239,239,251,270,285,263
"408",204,206,237,215,246,239,241
"409",199,243,290,215,321,232,282
"410",203,216,267,225,299,240,249
"411",183,233,293,206,285,239,287
"412",208,220,228,240,265,212,224
"413",208,238,283,208,296,257,275
"414",224,246,259,254,299,255,264
"415",215,195,225,246,257,250,236
"416",183,202,267,190,288,206,221
"417",174,174,231,188,249,219,250
"418",193,192,262,206,253,220,249
"419",221,221,283,253,316,263,230
"420",190,195,247,189,278,226,254
"421",238,214,292,219,305,269,277
"422",225,251,277,242,293,239,222
"423",168,206,268,182,301,191,223
"424",197,230,287,227,339,228,264
"425",176,211,246,186,283,182,213
"426",218,251,244,231,296,249,229
"427",181,235,290,219,297,277,295
"428",214,226,237,227,268,244,225
"429",193,220,292,223,290,261,249
"430",184,197,297,231,268,221,248
"431",197,228,226,215,282,222,218
"432",172,213,255,195,293,200,227
"433",232,242,258,272,277,274,291
"434",215,238,227,221,254,245,256
"435",204,280,263,240,285,239,252
"436",214,227,262,216,274,249,241
"437",199,240,218,222,270,233,222
"438",171,187,226,198,250,220,248
"439",226,177,266,208,291,239,274
"440",206,236,292,216,305,231,244
"441",240,252,272,249,295,261,258
"442",194,233,252,210,278,232,224
"443",212,247,301,213,285,227,291
"444",206,237,247,248,287,224,225
"445",199,214,213,230,246,249,246
"446",210,233,288,211,317,223,229
"447",203,193,273,227,285,218,252
"448",227,205,229,263,265,269,247
"449",213,263,253,244,287,276,282
"450",222,209,252,249,253,262,251
"451",194,193,275,178,282,202,230
"452",194,226,237,223,242,247,241
"453",182,204,261,198,270,214,240
"454",202,216,236,234,267,239,243
"455",219,247,292,247,279,259,265
"456",230,273,269,246,297,253,228
"457",201,197,269,206,285,201,244
"458",227,200,206,237,258,241,249
"459",169,205,250,183,276,204,235
"460",227,227,292,230,333,227,238
"461",227,271,269,236,294,239,230
"462",177,230,259,194,259,187,263
"463",177,194,249,203,275,222,242
"464",215,260,276,271,289,236,218
"465",223,227,291,221,315,252,281
"466",165,216,262,180,262,204,230
"467",187,213,264,184,288,205,229
"468",177,203,231,198,248,220,252
"469",180,210,243,202,276,241,236
"470",196,198,269,209,260,226,268
"471",155,211,246,180,260,205,245
"472",211,271,263,247,302,251,258
"473",192,241,290,204,304,244,278
"474",184,250,283,211,295,228,273
"475",205,191,271,213,303,221,248
"476",223,219,232,228,266,250,258
"477",237,237,277,255,279,267,274
"478",195,190,245,223,257,233,266
"479",183,202,281,195,283,189,234
"480",189,216,222,210,254,226,228
"481",205,196,299,212,291,223,225
"482",169,213,274,208,259,219,250
"483",205,244,302,227,311,264,273
"484",167,205,266,218,270,211,248
"485",200,237,230,209,245,252,238
"486",254,238,226,251,283,274,229
"487",211,241,306,230,318,225,267
"488",223,237,292,218,325,221,231
"489",206,192,264,189,289,215,257
"490",224,196,261,225,286,240,249
"491",195,189,255,194,278,224,246
"492",226,220,264,226,304,250,240
"493",213,233,232,230,243,247,250
"494",192,230,223,217,264,213,220
"495",182,206,258,189,267,199,252
"496",213,224,278,229,318,249,225
"497",198,193,274,200,268,218,268
"498",182,199,266,191,263,228,224
"499",210,201,238,242,270,239,252
"500",224,202,230,247,259,267,241
"501",217,225,231,231,257,233,231
"502",205,190,251,212,253,220,264
"503",235,206,280,230,318,259,246
"504",209,206,253,251,262,225,246
"505",161,213,264,194,254,201,250
"506",188,208,274,181,288,195,236
"507",216,218,268,217,312,253,250
"508",193,234,276,210,288,222,235
"509",221,248,259,249,301,235,234
"510",173,203,253,182,289,203,228
"511",230,202,232,233,255,263,254
"512",233,206,225,231,249,270,268
"513",185,196,266,192,271,243,242
"514",188,220,228,213,263,210,233
"515",184,229,252,216,268,233,214
"516",177,212,269,198,271,217,241
"517",230,254,258,251,292,249,263
"518",232,245,246,264,282,278,284
"519",159,204,231,185,247,220,261
"520",230,249,245,250,283,270,294
"521",223,220,283,207,304,262,279
"522",221,261,259,249,290,242,259
"523",231,245,268,256,284,273,277
"524",201,224,230,209,262,221,219
"525",200,199,274,215,291,220,244
"526",202,195,280,221,292,218,239
"527",228,237,276,239,315,269,227
"528",219,243,293,210,333,227,235
"529",210,226,303,215,328,231,228
"530",192,182,251,213,251,247,284
"531",222,217,262,233,283,253,272
"532",192,198,232,188,268,216,225
"533",198,231,287,214,301,233,236
"534",202,231,299,221,330,214,242
"535",178,199,234,180,285,235,253
"536",179,186,272,191,298,199,245
"537",208,241,265,223,295,216,210
"538",196,238,297,214,288,232,275
"539",218,221,234,248,276,238,236
"540",210,186,270,222,275,252,256
"541",222,236,282,216,307,244,249
"542",167,211,232,187,260,227,261
"543",203,180,253,225,278,231,254
"544",182,196,256,210,291,216,224
"545",207,239,269,209,290,218,229
"546",253,240,253,262,284,272,270
"547",199,213,224,256,264,247,248
"548",217,227,275,222,311,253,271
"549",213,229,279,225,299,259,262
"550",227,257,280,236,293,260,248
"551",184,178,249,189,293,229,252
"552",234,219,253,254,249,242,258
"553",209,195,289,209,293,210,239
"554",179,187,263,183,285,226,234
"555",192,236,224,206,269,223,220
"556",193,230,225,220,253,263,252
"557",194,202,287,218,300,220,239
"558",224,238,235,228,259,218,224
"559",229,235,235,249,282,259,226
"560",215,234,279,213,306,257,270
"561",243,253,232,234,281,268,266
"562",192,203,251,185,254,233,248
"563",215,244,261,206,322,214,205
"564",217,229,266,231,275,286,282
"565",223,212,273,220,279,257,250
"566",209,247,234,198,259,240,233
"567",210,220,224,242,259,272,245
"568",178,239,279,211,296,225,240
"569",180,208,269,181,288,207,238
"570",198,187,275,211,251,248,270
"571",200,223,221,254,262,248,252
"572",183,199,252,189,275,225,260
"573",217,230,268,214,310,256,229
"574",196,210,229,205,266,248,245
"575",220,266,239,236,282,241,227
"576",232,184,236,245,267,255,257
"577",168,208,283,183,288,203,207
"578",209,177,274,221,286,238,259
"579",173,187,284,211,282,210,242
"580",215,233,309,240,287,283,306
"581",222,248,267,250,292,255,267
"582",227,212,228,253,247,260,238
"583",178,198,245,188,241,229,257
"584",211,198,223,259,249,250,237
"585",181,201,241,223,246,246,263
"586",210,214,275,227,283,262,257
"587",236,235,227,255,297,284,245
"588",153,207,254,191,264,197,235
"589",230,249,238,240,282,284,292
"590",196,226,204,216,245,235,230
"591",190,203,259,190,251,219,274
"592",176,196,261,191,240,231,261
"593",217,199,262,209,273,229,240
"594",203,246,290,209,292,235,269
"595",183,201,243,186,285,220,234
"596",199,202,258,210,267,203,234
"597",247,242,241,274,280,283,227
"598",217,233,281,219,284,284,272
"599",227,222,255,219,283,244,245
"600",214,237,286,204,292,250,281
"601",233,211,273,211,310,239,217
"602",171,195,253,183,252,228,248
"603",192,231,268,231,285,246,276
"604",212,234,294,215,321,224,220
"605",207,202,284,213,285,223,229
"606",215,206,217,250,252,253,235
"607",188,221,209,224,265,213,211
"608",175,194,255,213,277,207,260
"609",204,214,274,219,283,249,270
"610",207,230,272,230,279,271,293
"611",185,222,206,215,263,204,235
"612",209,212,210,225,248,261,250
"613",225,254,241,258,277,284,270
"614",217,221,280,223,314,248,237
"615",180,238,257,218,292,213,219
"616",184,218,275,185,297,207,236
"617",180,235,204,208,260,199,234
"618",187,229,216,214,259,236,236
"619",218,235,295,224,282,266,291
"620",180,195,253,209,261,198,238
"621",214,202,247,191,284,219,249
"622",232,248,246,249,292,280,246
"623",201,238,273,246,314,260,232
"624",192,192,276,217,295,220,241
"625",176,213,267,189,292,203,235
"626",191,233,278,228,296,215,244
"627",214,192,283,218,298,234,233
"628",203,198,257,221,298,239,259
"629",162,205,261,175,264,195,259
"630",238,235,248,250,284,269,234
"631",202,199,248,204,278,227,253
"632",208,235,278,223,286,257,291
"633",208,246,266,221,321,246,265
"634",250,237,245,244,292,275,237
"635",172,220,257,177,283,198,225
"636",208,212,260,217,285,245,264
"637",217,253,242,257,288,261,273
"638",202,220,282,220,286,233,234
"639",216,212,270,212,322,255,229
"640",192,256,297,229,330,229,270
"641",225,210,282,229,315,269,282
"642",202,211,230,225,254,238,253
"643",229,251,253,262,298,279,271
"644",228,213,280,220,312,263,249
"645",202,184,267,211,253,245,284
"646",232,193,234,255,258,261,256
"647",214,220,215,250,250,273,259
"648",166,204,248,173,259,200,258
"649",172,200,253,183,300,204,212
"650",198,226,272,219,284,267,290
"651",205,241,295,207,284,242,260
"652",196,190,269,210,263,217,244
"653",210,231,242,234,269,230,225
"654",181,199,256,203,250,247,259
"655",203,195,287,239,281,217,257
"656",164,187,236,183,250,228,255
"657",223,257,299,232,289,251,269
"658",203,193,254,219,245,236,278
"659",236,226,295,221,303,251,284
"660",204,247,276,223,292,217,246
"661",205,231,286,216,340,222,237
"662",200,239,307,226,291,214,274
"663",206,227,291,223,298,243,239
"664",222,243,261,244,286,252,220
"665",188,183,248,221,247,245,264
"666",199,238,295,224,287,234,272
"667",204,222,239,246,263,229,208
"668",214,216,273,208,277,263,301
"669",224,211,237,233,267,257,227
"670",195,205,275,217,300,206,241
"671",204,249,292,208,327,224,252
"672",236,241,258,235,292,275,238
"673",219,206,298,224,328,248,235
"674",206,220,228,219,253,248,263
"675",219,206,213,246,247,258,259
"676",222,197,236,247,252,269,259
"677",195,188,258,183,279,237,261
"678",230,238,266,250,276,293,290
"679",224,245,258,240,288,277,266
"680",209,274,249,233,295,246,202
"681",211,222,277,214,322,223,220
"682",233,247,270,251,281,278,280
"683",241,241,248,252,285,291,263
"684",203,220,240,218,256,228,230
"685",184,238,267,219,284,248,284
"686",189,203,249,218,246,244,276
"687",205,236,297,219,322,221,233
"688",202,221,241,200,270,229,237
"689",223,262,261,252,303,246,278
"690",162,190,229,194,252,222,252
"691",201,245,286,215,305,244,241
"692",208,250,299,207,326,236,286
"693",187,193,282,220,272,206,259
"694",203,185,266,208,259,241,283
"695",210,186,254,220,272,238,255
"696",180,198,256,189,287,225,237
"697",216,215,229,245,246,266,243
"698",228,273,266,239,285,236,266
"699",188,203,271,221,254,214,265
"700",237,219,289,246,323,249,238
"701",222,181,243,218,276,239,257
"702",200,214,237,246,258,214,225
"703",203,225,228,211,274,244,241
"704",172,200,277,197,254,231,271
"705",179,192,263,187,251,237,254
"706",209,219,215,223,242,259,246
"707",190,181,244,216,252,228,271
"708",214,252,286,248,289,267,265
"709",193,191,257,224,256,233,273
"710",228,231,227,234,284,258,238
"711",217,220,274,220,290,264,247
"712",192,231,240,213,251,237,229
"713",203,184,264,209,291,216,241
"714",175,203,265,184,268,212,244
"715",221,242,229,247,271,259,227
"716",206,243,280,208,318,226,236
"717",203,191,279,222,299,229,245
"718",190,182,256,222,253,247,266
"719",185,201,267,212,299,222,238
"720",218,210,278,205,296,217,230
"721",192,206,263,223,257,214,276
"722",179,201,235,197,255,215,260
"723",221,243,285,210,325,246,261
"724",220,230,286,224,275,257,299
"725",197,200,254,204,294,226,259
"726",202,206,272,216,278,263,259
"727",224,219,303,222,304,265,247
"728",170,237,226,215,266,217,227
"729",172,190,282,205,260,199,255
"730",172,202,235,189,255,224,250
"731",201,189,238,221,260,249,263
"732",211,222,251,250,267,224,235
"733",179,195,260,200,279,222,238
"734",214,242,284,228,316,256,273
"735",202,238,302,209,333,227,274
"736",192,245,275,215,288,232,289
"737",184,201,270,218,264,218,250
"738",229,236,296,232,307,244,274
"739",165,222,248,183,257,211,234
"740",216,210,219,253,247,263,243
"741",194,233,293,224,289,246,255
"742",192,179,257,210,243,243,250
"743",225,237,304,215,328,228,262
"744",219,224,297,222,324,230,209
"745",175,220,249,179,264,197,264
"746",255,240,256,247,271,284,286
"747",213,244,296,218,329,230,252
"748",226,213,318,223,314,256,296
"749",207,230,284,216,277,271,288
"750",197,203,250,187,276,222,271
"751",195,231,260,223,288,216,236
"752",233,249,265,257,286,263,254
"753",211,220,224,233,255,272,240
"754",177,193,251,190,267,221,267
"755",202,223,252,246,275,236,223
"756",205,237,260,211,280,260,271
"757",194,240,269,228,282,268,287
"758",174,217,263,197,280,192,243
"759",202,211,230,213,248,263,264
"760",213,215,219,240,258,247,234
"761",185,232,264,211,299,223,227
"762",208,254,306,203,319,248,266
"763",198,195,251,220,254,244,251
"764",171,204,265,185,261,210,237
"765",219,251,271,253,293,259,263
"766",213,251,280,247,294,241,264
"767",208,206,279,214,286,199,235
"768",232,258,248,267,273,277,226
"769",242,221,221,227,251,253,247
"770",189,223,235,221,242,234,230
"771",178,215,271,175,284,205,230
"772",223,239,228,241,284,263,232
"773",219,245,234,241,290,270,244
"774",227,272,265,255,289,270,279
"775",158,214,270,180,269,206,242
"776",213,191,275,202,270,226,243
"777",210,216,288,234,294,260,250
"778",217,225,279,220,300,216,232
"779",211,218,218,227,250,238,237
"780",187,208,265,198,282,199,237
"781",187,222,262,235,281,260,275
"782",180,231,228,208,261,229,228
"783",194,241,277,208,299,231,270
"784",222,212,279,204,304,258,239
"785",189,202,266,219,264,208,256
"786",191,233,208,211,278,207,236
"787",216,240,279,248,314,235,263
"788",211,220,213,232,240,245,244
"789",199,236,290,222,322,223,264
"790",191,228,270,229,290,228,238
"791",155,211,249,178,258,189,244
"792",201,240,295,227,300,252,282
"793",234,245,237,258,283,267,270
"794",170,198,270,186,260,194,251
"795",204,198,255,222,286,203,225
"796",204,192,265,210,301,223,242
"797",224,227,278,226,282,262,256
"798",193,181,238,220,258,245,264
"799",188,224,216,230,263,213,205
"800",211,223,276,223,284,259,261
"801",187,201,287,216,288,203,238
"802",218,245,291,228,321,231,248
"803",202,236,273,221,291,264,260
"804",195,228,206,210,248,247,243
"805",217,228,281,226,314,258,271
"806",185,250,281,218,293,239,287
"807",225,198,253,230,286,245,288
"808",212,186,272,210,276,227,256
"809",225,246,252,238,273,286,284
"810",242,204,227,236,256,259,254
"811",216,249,268,258,289,263,255
"812",216,256,258,256,300,245,234
"813",232,253,268,250,298,258,259
"814",221,255,255,238,298,236,257
"815",176,214,255,222,267,204,255
"816",207,233,300,211,318,225,270
"817",190,187,263,210,255,238,255
"818",205,232,284,215,306,226,260
"819",162,186,242,191,244,208,251
"820",212,236,297,207,324,228,262
"821",223,199,299,221,307,259,236
"822",206,208,219,248,270,252,241
"823",224,213,277,229,310,243,243
"824",220,200,260,218,256,254,268
"825",185,231,291,234,285,238,248
"826",205,230,282,219,275,270,283
"827",190,222,222,218,252,240,231
"828",232,266,267,244,298,260,227
"829",208,231,281,220,308,257,266
"830",169,218,264,187,290,212,225
"831",208,219,226,225,253,259,263
"832",184,196,247,202,246,231,247
"833",153,212,244,176,256,207,257
"834",199,228,276,213,284,259,292
"835",207,208,213,210,249,249,245
"836",200,242,287,207,322,215,236
"837",209,189,245,210,258,233,275
"838",191,254,301,221,292,226,264
"839",197,210,302,221,280,220,251
"840",220,180,280,221,273,231,273
"841",208,206,281,201,298,214,250
"842",207,212,260,245,257,226,243
"843",193,203,288,211,259,210,259
"844",221,190,224,246,257,257,245
"845",213,227,291,205,321,221,232
"846",233,249,256,254,288,292,266
"847",159,200,251,191,245,236,265
"848",227,240,281,250,291,242,234
"849",229,237,245,246,287,272,284
"850",207,229,274,217,288,246,254
"851",194,199,250,190,241,234,260
"852",228,218,271,221,309,251,233
"853",210,218,267,235,318,247,243
"854",179,208,279,178,294,210,234
"855",183,236,289,228,293,239,271
"856",225,256,254,242,285,247,268
"857",201,237,307,209,318,230,256
"858",211,237,273,213,324,227,259
"859",213,240,269,209,308,250,279
"860",188,193,253,192,283,228,230
"861",224,238,258,236,291,242,206
"862",180,176,257,219,255,256,260
"863",226,241,242,250,280,273,280
"864",221,266,260,259,290,232,237
"865",204,182,256,226,276,235,260
"866",189,196,274,209,268,209,262
"867",219,246,235,249,301,256,239
"868",219,218,247,230,254,250,251
"869",183,206,280,211,290,205,231
"870",233,223,250,243,288,276,244
"871",207,244,294,219,296,236,284
"872",204,215,238,231,254,231,231
"873",214,232,243,248,256,222,219
"874",219,222,239,229,256,236,227
"875",172,184,277,200,271,214,240
"876",251,204,240,238,248,271,255
"877",189,191,258,217,248,235,288
"878",211,227,275,239,308,251,268
"879",178,194,267,187,286,205,229
"880",198,215,283,206,301,227,231
"881",239,256,264,227,302,242,226
"882",185,203,271,207,266,207,249
"883",224,253,233,243,300,238,212
"884",201,235,282,217,308,232,281
"885",164,196,261,196,256,250,269
"886",210,207,215,236,254,255,250
"887",182,192,264,185,281,220,236
"888",186,191,266,186,293,233,263
"889",180,206,280,191,285,209,227
"890",180,215,257,217,276,235,242
"891",214,212,240,226,246,253,262
"892",215,225,260,221,283,239,263
"893",200,234,285,207,326,221,239
"894",169,209,239,192,242,240,244
"895",190,228,255,201,301,223,229
"896",206,200,277,203,285,233,259
"897",212,235,282,207,321,215,213
"898",191,189,262,181,290,231,255
"899",190,204,278,220,270,218,253
"900",185,222,286,202,292,227,268
"901",190,190,239,209,250,244,256
"902",231,224,218,249,279,277,234
"903",209,221,227,233,262,222,250
"904",191,189,262,225,255,237,271
"905",173,217,264,166,250,215,250
"906",195,229,255,229,293,245,256
"907",207,178,263,210,245,251,287
"908",198,244,297,213,300,240,274
"909",183,182,237,228,244,236,255
"910",181,197,230,194,279,222,254
"911",212,186,259,214,275,256,255
"912",225,194,239,239,253,260,249
"913",217,230,299,213,321,234,217
"914",179,211,236,211,273,224,219
"915",220,204,231,235,248,258,244
"916",179,193,255,191,285,221,252
"917",214,191,267,196,298,212,244
"918",198,224,287,230,283,261,309
"919",216,225,229,250,270,225,225
"920",180,194,258,220,260,245,256
"921",217,236,299,213,323,233,270
"922",218,218,226,227,262,212,237
"923",203,191,298,221,288,222,248
"924",223,214,246,221,264,236,227
"925",203,233,290,223,318,220,247
"926",213,219,209,213,267,220,253
"927",234,250,267,256,302,252,260
"928",222,230,265,222,307,259,219
"929",204,236,278,215,311,232,258
"930",219,258,281,240,292,265,272
"931",238,249,260,241,291,258,262
"932",163,216,251,179,254,197,238
"933",204,231,286,231,281,255,296
"934",207,177,262,219,277,241,266
"935",208,239,317,219,316,228,242
"936",211,216,266,235,315,246,231
"937",216,209,287,225,288,247,269
"938",182,227,236,215,253,224,227
"939",198,228,294,225,281,265,309
"940",241,234,257,241,278,282,268
"941",213,244,233,251,276,271,265
"942",168,220,258,189,283,211,233
"943",215,223,212,253,251,249,241
"944",203,244,291,212,308,218,230
"945",181,203,264,194,278,214,262
"946",185,208,282,202,266,222,254
"947",184,203,264,190,281,189,231
"948",197,197,263,221,301,215,253
"949",220,215,285,219,311,250,234
"950",211,229,249,222,283,235,267
"951",195,196,271,203,296,205,231
"952",194,227,307,242,322,228,249
"953",198,227,221,212,266,219,215
"954",199,247,295,198,296,250,279
"955",242,228,302,212,319,216,237
"956",223,239,277,216,321,224,224
"957",241,264,258,236,298,256,275
"958",178,198,274,179,290,190,233
"959",199,228,244,237,266,222,220
"960",192,244,288,217,296,237,284
"961",212,234,299,219,334,218,242
"962",195,182,251,228,252,227,265
"963",205,196,291,212,301,216,241
"964",193,230,295,246,304,233,268
"965",199,195,272,229,287,213,246
"966",218,229,290,217,322,258,278
"967",215,246,310,221,322,219,266
"968",226,212,281,218,316,259,273
"969",177,222,240,215,251,225,241
"970",203,230,282,217,337,216,217
"971",200,248,289,215,288,238,273
"972",185,192,277,187,284,211,237
"973",227,228,249,246,291,254,220
"974",171,195,235,190,252,219,257
"975",193,238,301,223,298,239,277
"976",192,210,206,216,250,249,236
"977",226,195,220,251,255,250,244
"978",223,206,227,249,255,260,261
"979",208,221,270,214,289,262,292
"980",226,193,226,247,259,262,234
"981",175,198,256,202,255,235,267
"982",213,242,304,219,298,223,233
"983",202,187,264,202,250,249,274
"984",223,254,268,241,291,251,261
"985",237,254,255,257,281,283,265
"986",182,191,245,193,247,244,273
"987",201,235,276,195,293,211,228
"988",206,195,261,211,301,206,229
"989",198,221,207,231,266,250,227
"990",180,212,213,219,246,255,236
"991",175,200,245,215,277,210,237
"992",220,206,224,251,267,262,269
"993",167,204,265,190,291,205,229
"994",229,264,231,241,285,249,216
"995",166,190,227,189,259,225,244
"996",209,254,316,220,321,227,254
"997",201,236,281,213,281,232,284
"998",191,207,214,213,242,254,236
"999",214,233,294,237,324,231,233
"1000",208,202,269,202,286,214,246
